notime---yesaddress---cat---direct
 
Accuray training data = 0.9931589152579403
Accuray testing data = 0.8621053781451408
 
[[41269   159   403   891   177     0    18     0]
 [ 1538    46    93     0     0     0     0     0]
 [ 2337    34   248     0     0     0     0     0]
 [  685     0     0   666     1     0     0     0]
 [  753     0     0    82  2819     0     0     0]
 [    0     0     0     0     0  1224     0    68]
 [  312     0     0     0     1     0   249     0]
 [   10     0     0     0     0    12     0   831]]
 
              precision    recall  f1-score   support

         0.0    0.87986   0.96160   0.91892     42917
         1.0    0.19247   0.02743   0.04802      1677
         2.0    0.33333   0.09469   0.14749      2619
         3.0    0.40635   0.49260   0.44534      1352
         4.0    0.94029   0.77148   0.84756      3654
         5.0    0.99029   0.94737   0.96835      1292
         6.0    0.93258   0.44306   0.60072       562
         7.0    0.92436   0.97421   0.94863       853

    accuracy                        0.86211     54926
   macro avg    0.69994   0.58906   0.61563     54926
weighted avg    0.82901   0.86211   0.83751     54926

Pump 3.04
Function_3.0 3.23
Rate 4.64
Length 6.86
Deadband 8.75
Gain 8.95
Cycle time 11.07
Setpoint 11.33
Reset 11.93
CRC Rate 14.69
