notime---yesaddress---cat---random
 
Accuray training data = 0.9926400305868859
Accuray testing data = 0.9612387576011361
 
[[42350   214   252    51     2     0    26     0]
 [  422  1051    91     0     0     0     0     0]
 [  524    66  2023     0     0     0     0     0]
 [  176     0     0  1390     0     0     1     0]
 [  184     0     0     0  3965     0     0     0]
 [    0     0     0     0     0   950     0     0]
 [  104     0     0     1     0     0   330     0]
 [    2     0     0     0     0    13     0   738]]
 
              precision    recall  f1-score   support

         0.0    0.96773   0.98729   0.97742     42895
         1.0    0.78963   0.67199   0.72608      1564
         2.0    0.85503   0.77421   0.81261      2613
         3.0    0.96394   0.88705   0.92389      1567
         4.0    0.99950   0.95565   0.97708      4149
         5.0    0.98650   1.00000   0.99320       950
         6.0    0.92437   0.75862   0.83333       435
         7.0    1.00000   0.98008   0.98994       753

    accuracy                        0.96124     54926
   macro avg    0.93584   0.87686   0.90420     54926
weighted avg    0.96002   0.96124   0.96017     54926

Function_16.0 3.47
Function_3.0 3.69
Rate 4.35
Length 7.08
Gain 9.21
Deadband 9.27
Cycle time 10.71
Setpoint 11.39
Reset 11.92
CRC Rate 14.97
