notime---noaddress---cat---random
 
Accuray training data = 0.9927856824243748
Accuray testing data = 0.9633688963332484
 
[[42385   185   272    58     6     0    32     0]
 [  342  1081   105     0     0     0     0     0]
 [  480    71  1995     0     0     0     0     0]
 [  167     0     0  1431     0     0     2     0]
 [  169     0     0     3  3940     0     0     0]
 [    0     0     0     0     0  1006     0     0]
 [   96     0     0     1     0     0   333     0]
 [   15     0     0     0     0     8     0   743]]
 
              precision    recall  f1-score   support

         0.0    0.97093   0.98712   0.97896     42938
         1.0    0.80853   0.70746   0.75462      1528
         2.0    0.84106   0.78358   0.81131      2546
         3.0    0.95847   0.89438   0.92532      1600
         4.0    0.99848   0.95817   0.97791      4112
         5.0    0.99211   1.00000   0.99604      1006
         6.0    0.90736   0.77442   0.83563       430
         7.0    1.00000   0.96997   0.98476       766

    accuracy                        0.96337     54926
   macro avg    0.93462   0.88439   0.90807     54926
weighted avg    0.96239   0.96337   0.96258     54926

Function_3.0 3.86
Function_16.0 3.87
Rate 4.19
Length 6.74
Gain 9.06
Deadband 9.37
Cycle time 10.4
Setpoint 11.69
Reset 11.97
CRC Rate 14.7
