notime---noaddress---cat---direct
 
Accuray training data = 0.9931589152579403
Accuray testing data = 0.8567709281578851
 
[[41096   183   406   920   312     0     0     0]
 [ 1584    19    74     0     0     0     0     0]
 [ 2369    40   210     0     0     0     0     0]
 [  676     0     0   666    10     0     0     0]
 [  764     0     0    87  2803     0     0     0]
 [    0     0     0     0     0  1186     0   106]
 [  312     0     0     0     2     0   248     0]
 [   10     0     0     0     0    12     0   831]]
 
              precision    recall  f1-score   support

         0.0    0.87791   0.95757   0.91601     42917
         1.0    0.07851   0.01133   0.01980      1677
         2.0    0.30435   0.08018   0.12693      2619
         3.0    0.39809   0.49260   0.44033      1352
         4.0    0.89639   0.76710   0.82672      3654
         5.0    0.98998   0.91796   0.95261      1292
         6.0    1.00000   0.44128   0.61235       562
         7.0    0.88687   0.97421   0.92849       853

    accuracy                        0.85677     54926
   macro avg    0.67901   0.58028   0.60291     54926
weighted avg    0.81960   0.85677   0.83132     54926

Function_3.0 3.59
Pump 3.82
Rate 4.6
Length 6.94
Deadband 8.92
Gain 9.15
Cycle time 11.27
Setpoint 11.68
Reset 12.06
CRC Rate 13.76
