timedifference---yesaddress---cat---random
 
Accuray training data = 0.9989394725582835
Accuray testing data = 0.9550121982303463
 
[[42321   161   229   116     4     0    69     5]
 [  439  1012    98     0     0     0     0     0]
 [  712    67  1843     0     0     0     0     0]
 [  202     0     0  1405     0     0     4     0]
 [  260     0     0     1  3820     0     0     0]
 [    0     0     0     0     0   987     0     0]
 [   84     0     0     1     0     0   344     0]
 [   10     0     0     0     0     9     0   723]]
 
              precision    recall  f1-score   support

         0.0    0.96123   0.98639   0.97365     42905
         1.0    0.81613   0.65332   0.72571      1549
         2.0    0.84931   0.70290   0.76920      2622
         3.0    0.92252   0.87213   0.89662      1611
         4.0    0.99895   0.93605   0.96648      4081
         5.0    0.99096   1.00000   0.99546       987
         6.0    0.82494   0.80186   0.81324       429
         7.0    0.99313   0.97439   0.98367       742

    accuracy                        0.95501     54926
   macro avg    0.91965   0.86588   0.89050     54926
weighted avg    0.95336   0.95501   0.95338     54926

Function_3.0 3.65
Rate 4.32
Length 5.23
Deadband 8.46
Gain 8.6
Cycle time 9.76
Setpoint 10.47
Reset 10.67
CRC Rate 11.53
Time 11.63
