timedifference---yesaddress---cat---direct
 
Accuray training data = 0.9991989148938107
Accuray testing data = 0.8611950624476569
 
[[41312   133   292   971   195     0    14     0]
 [ 1587    22    68     0     0     0     0     0]
 [ 2424    23   172     0     0     0     0     0]
 [  694     0     0   658     0     0     0     0]
 [  760     0     0    97  2797     0     0     0]
 [    0     0     0     0     0  1261     0    31]
 [  307     0     0     0     5     0   250     0]
 [   10     0     0     0     0    13     0   830]]
 
              precision    recall  f1-score   support

         0.0    0.87722   0.96260   0.91793     42917
         1.0    0.12360   0.01312   0.02372      1677
         2.0    0.32331   0.06567   0.10917      2619
         3.0    0.38123   0.48669   0.42755      1352
         4.0    0.93327   0.76546   0.84108      3654
         5.0    0.98980   0.97601   0.98285      1292
         6.0    0.94697   0.44484   0.60533       562
         7.0    0.96400   0.97304   0.96849       853

    accuracy                        0.86120     54926
   macro avg    0.69242   0.58593   0.60952     54926
weighted avg    0.82403   0.86120   0.83400     54926

Function_3.0 3.71
Rate 4.29
Length 5.13
Deadband 8.14
Gain 8.73
Cycle time 10.07
Setpoint 10.39
CRC Rate 10.64
Reset 10.89
Time 11.15
