timedifference---noaddress---cat---direct
 
Accuray training data = 0.9971370310693576
Accuray testing data = 0.8640352474238066
 
[[41407   128   300   945   123     0    14     0]
 [ 1577    19    81     0     0     0     0     0]
 [ 2373    44   202     0     0     0     0     0]
 [  693     0     0   659     0     0     0     0]
 [  752     0     0    84  2818     0     0     0]
 [    0     0     0     0     0  1266     0    26]
 [  314     0     0     0     0     0   248     0]
 [    0     0     0     0     0    14     0   839]]
 
              precision    recall  f1-score   support

         0.0    0.87883   0.96482   0.91982     42917
         1.0    0.09948   0.01133   0.02034      1677
         2.0    0.34648   0.07713   0.12617      2619
         3.0    0.39040   0.48743   0.43355      1352
         4.0    0.95818   0.77121   0.85459      3654
         5.0    0.98906   0.97988   0.98445      1292
         6.0    0.94656   0.44128   0.60194       562
         7.0    0.96994   0.98359   0.97672       853

    accuracy                        0.86404     54926
   macro avg    0.69737   0.58958   0.61470     54926
weighted avg    0.82761   0.86404   0.83735     54926

Function_16.0 3.21
Rate 4.55
Length 5.11
Deadband 8.27
Gain 8.87
Time 9.68
Cycle time 10.22
Setpoint 10.65
Reset 11.33
CRC Rate 11.34
