timedifference---noaddress---cat---random
 
Accuray training data = 0.9957851999526631
Accuray testing data = 0.9584531915668354
 
[[42446   190   246    75     3     0    39     2]
 [  420  1046    98     0     0     0     0     0]
 [  598    66  1912     0     0     0     0     0]
 [  179     0     0  1355     0     0     2     0]
 [  230     0     0     0  3807     0     0     0]
 [    0     0     0     0     0   939     0     5]
 [  109     0     0     2     0     0   370     0]
 [    8     0     0     0     0    10     0   769]]
 
              precision    recall  f1-score   support

         0.0    0.96490   0.98709   0.97587     43001
         1.0    0.80338   0.66880   0.72994      1564
         2.0    0.84752   0.74224   0.79139      2576
         3.0    0.94623   0.88216   0.91307      1536
         4.0    0.99921   0.94303   0.97031      4037
         5.0    0.98946   0.99470   0.99208       944
         6.0    0.90024   0.76923   0.82960       481
         7.0    0.99098   0.97713   0.98401       787

    accuracy                        0.95845     54926
   macro avg    0.93024   0.87055   0.89828     54926
weighted avg    0.95703   0.95845   0.95717     54926

Function_16.0 3.67
Rate 4.25
Length 7.19
Time 7.9
Deadband 8.45
Gain 8.61
Cycle time 9.88
Reset 10.9
Setpoint 11.04
CRC Rate 11.12
