yestime---yesaddress---cat---direct
 
Accuray training data = 0.9998816578820402
Accuray testing data = 0.8394203109638423
 
[[39582   113  1982  1147    93     0     0     0]
 [ 1328    26   323     0     0     0     0     0]
 [ 1874    31   714     0     0     0     0     0]
 [  685     0     0   667     0     0     0     0]
 [  724     0     0    95  2835     0     0     0]
 [    0     0     0     0     0  1202     0    90]
 [  315     0     0     0     0     0   247     0]
 [   10     0     0     0     0    10     0   833]]
 
              precision    recall  f1-score   support

         0.0    0.88912   0.92229   0.90540     42917
         1.0    0.15294   0.01550   0.02815      1677
         2.0    0.23650   0.27262   0.25328      2619
         3.0    0.34940   0.49334   0.40908      1352
         4.0    0.96824   0.77586   0.86144      3654
         5.0    0.99175   0.93034   0.96006      1292
         6.0    1.00000   0.43950   0.61063       562
         7.0    0.90249   0.97655   0.93806       853

    accuracy                        0.83942     54926
   macro avg    0.68631   0.60325   0.62076     54926
weighted avg    0.83126   0.83942   0.83116     54926

Function_16.0 3.83
Rate 4.13
Length 6.5
Deadband 7.11
Gain 8.09
CRC Rate 9.03
Cycle time 9.26
Setpoint 9.5
Reset 9.87
Time 14.7
