yestime---noaddress---cat---direct
 
Accuray training data = 0.9998998643617263
Accuray testing data = 0.8412773549867094
 
[[39932   142  1584  1110   149     0     0     0]
 [ 1338    29   310     0     0     0     0     0]
 [ 1989    19   611     0     0     0     0     0]
 [  676     0     0   676     0     0     0     0]
 [  764     0     0    67  2823     0     0     0]
 [    0     0     0     0     0  1051     0   241]
 [  311     0     0     0     0     0   251     0]
 [   10     0     0     0     0     8     0   835]]
 
              precision    recall  f1-score   support

         0.0    0.88698   0.93045   0.90820     42917
         1.0    0.15263   0.01729   0.03107      1677
         2.0    0.24391   0.23330   0.23849      2619
         3.0    0.36481   0.50000   0.42184      1352
         4.0    0.94987   0.77258   0.85210      3654
         5.0    0.99245   0.81347   0.89409      1292
         6.0    1.00000   0.44662   0.61747       562
         7.0    0.77602   0.97890   0.86573       853

    accuracy                        0.84128     54926
   macro avg    0.67083   0.58657   0.60362     54926
weighted avg    0.82714   0.84128   0.82981     54926

Function_16.0 3.34
Rate 4.36
Length 6.79
Deadband 7.05
Gain 8.17
Setpoint 9.53
Cycle time 9.58
Reset 9.81
CRC Rate 9.86
Time 14.75
