yestime---noaddress---cat---random
 
Accuray training data = 0.9998634514023541
Accuray testing data = 0.9837053490150384
 
[[42695    85    88     6     1     0     7    13]
 [  165  1343    31     0     0     0     0     0]
 [  265    30  2331     0     0     0     0     0]
 [   41     0     0  1480     1     0     2     0]
 [  127     0     0     1  3972     0     0     0]
 [    0     0     0     0     0  1002     0     0]
 [   13     0     0     1     0     0   422     0]
 [    6     0     0     0     0    12     0   786]]
 
              precision    recall  f1-score   support

         0.0    0.98575   0.99534   0.99052     42895
         1.0    0.92112   0.87264   0.89623      1539
         2.0    0.95143   0.88766   0.91844      2626
         3.0    0.99462   0.97113   0.98274      1524
         4.0    0.99950   0.96878   0.98390      4100
         5.0    0.98817   1.00000   0.99405      1002
         6.0    0.97912   0.96789   0.97347       436
         7.0    0.98373   0.97761   0.98066       804

    accuracy                        0.98371     54926
   macro avg    0.97543   0.95513   0.96500     54926
weighted avg    0.98354   0.98371   0.98351     54926

Function_3.0 3.59
Rate 4.35
Length 4.97
Deadband 7.35
Gain 8.37
Cycle time 8.96
CRC Rate 9.37
Setpoint 9.68
Reset 9.69
Time 15.13
