yestime---yesaddress---cat---random
 
Accuray training data = 0.9998771062621187
Accuray testing data = 0.9823398754688126
 
[[42783    68   122    14     3     0     4    11]
 [  189  1306    45     0     0     0     0     0]
 [  283    24  2304     0     0     0     0     0]
 [   39     0     0  1518     0     0     0     0]
 [  115     0     0     5  3919     0     0     0]
 [    0     0     0     0     0   966     0     0]
 [   21     0     0     1     0     0   419     0]
 [    7     0     0     0     0    19     0   741]]
 
              precision    recall  f1-score   support

         0.0    0.98494   0.99484   0.98987     43005
         1.0    0.93419   0.84805   0.88904      1540
         2.0    0.93242   0.88242   0.90673      2611
         3.0    0.98700   0.97495   0.98094      1557
         4.0    0.99924   0.97029   0.98455      4039
         5.0    0.98071   1.00000   0.99026       966
         6.0    0.99054   0.95011   0.96991       441
         7.0    0.98537   0.96610   0.97564       767

    accuracy                        0.98234     54926
   macro avg    0.97430   0.94835   0.96087     54926
weighted avg    0.98211   0.98234   0.98209     54926

Function_3.0 3.94
Rate 4.34
Length 6.42
Deadband 7.4
Gain 8.05
Cycle time 8.69
CRC Rate 9.15
Setpoint 9.4
Reset 9.59
Time 15.01
