Using classifier: Random Forests

[[42304   205   279    60     1     0    26     0]
 [  400  1119    86     0     0     0     0     0]
 [  508    78  1968     0     0     0     0     0]
 [  208     0     0  1378     1     0     2     0]
 [  213     0     0     2  3858     0     0     0]
 [    0     0     0     0     0  1006     0     0]
 [   93     0     0     1     0     0   333     0]
 [   13     0     0     0     0    14     0   770]]
              precision    recall  f1-score   support

         0.0    0.96719   0.98668   0.97684     42875
         1.0    0.79815   0.69720   0.74426      1605
         2.0    0.84355   0.77056   0.80540      2554
         3.0    0.95628   0.86721   0.90957      1589
         4.0    0.99948   0.94721   0.97265      4073
         5.0    0.98627   1.00000   0.99309      1006
         6.0    0.92244   0.77986   0.84518       427
         7.0    1.00000   0.96612   0.98277       797

    accuracy                        0.96013     54926
   macro avg    0.93417   0.87686   0.90372     54926
weighted avg    0.95906   0.96013   0.95918     54926

Time takes = 10.496218919754028

---------------------------------------------------------
---------------------------------------------------------

Using classifier: Decision Trees
[[42022   329   439    51     7     0    27     0]
 [  428  1038   139     0     0     0     0     0]
 [  564   134  1856     0     0     0     0     0]
 [  195     0     0  1391     1     0     2     0]
 [  139     0     0     7  3922     0     5     0]
 [    0     0     0     0     0  1006     0     0]
 [   89     0     0     0     2     0   336     0]
 [   13     0     0     0     0    11     0   773]]
              precision    recall  f1-score   support

         0.0    0.96713   0.98010   0.97358     42875
         1.0    0.69154   0.64673   0.66838      1605
         2.0    0.76253   0.72670   0.74419      2554
         3.0    0.95997   0.87539   0.91573      1589
         4.0    0.99746   0.96293   0.97989      4073
         5.0    0.98918   1.00000   0.99456      1006
         6.0    0.90811   0.78689   0.84316       427
         7.0    1.00000   0.96989   0.98471       797

    accuracy                        0.95299     54926
   macro avg    0.90949   0.86858   0.88803     54926
weighted avg    0.95203   0.95299   0.95232     54926

Time takes = 2.865175247192383

---------------------------------------------------------
---------------------------------------------------------


Using classifier: Naive Bayes
[[13655  9515   111 17322     0     0  2272     0]
 [    0  1557    48     0     0     0     0     0]
 [    0  2427   127     0     0     0     0     0]
 [    0     0     0  1518     0     0    71     0]
 [    0     0     0  2040  1895     0   138     0]
 [    0     0     0     0     0  1006     0     0]
 [    0     0     0   207     0     0   220     0]
 [   13     0     0     0     0   156     0   628]]
              precision    recall  f1-score   support

         0.0    0.99905   0.31848   0.48300     42875
         1.0    0.11534   0.97009   0.20617      1605
         2.0    0.44406   0.04973   0.08944      2554
         3.0    0.07199   0.95532   0.13389      1589
         4.0    1.00000   0.46526   0.63505      4073
         5.0    0.86575   1.00000   0.92804      1006
         6.0    0.08145   0.51522   0.14066       427
         7.0    1.00000   0.78795   0.88140       797

    accuracy                        0.37516     54926
   macro avg    0.57220   0.63276   0.43721     54926
weighted avg    0.91111   0.37516   0.46905     54926

Time takes = 0.502349853515625

---------------------------------------------------------
---------------------------------------------------------


Using classifier: Logistic Regression

[[42806     0     1    67     1     0     0     0]
 [ 1603     0     2     0     0     0     0     0]
 [ 2515     0    39     0     0     0     0     0]
 [ 1102     0     0   487     0     0     0     0]
 [ 2267     0     0     0  1806     0     0     0]
 [    0     0     0     0     0  1006     0     0]
 [  316     0     0     1     0     0   110     0]
 [   13     0     0     0     1    15     0   768]]
              precision    recall  f1-score   support

         0.0    0.84560   0.99839   0.91567     42875
         1.0    0.00000   0.00000   0.00000      1605
         2.0    0.92857   0.01527   0.03005      2554
         3.0    0.87748   0.30648   0.45429      1589
         4.0    0.99889   0.44341   0.61418      4073
         5.0    0.98531   1.00000   0.99260      1006
         6.0    1.00000   0.25761   0.40968       427
         7.0    1.00000   0.96361   0.98147       797

    accuracy                        0.85610     54926
   macro avg    0.82948   0.49810   0.54974     54926
weighted avg    0.84304   0.85610   0.81046     54926

Time takes = 22.298222303390503

---------------------------------------------------------
---------------------------------------------------------

Using classifier: SVM RBF


[[42829     5    33    80     3     0     0     0]
 [ 1494    33    15     0     0     0     0     0]
 [ 2439     3   173     0     4     0     0     0]
 [  850     0     0   699     0     0     0     0]
 [ 1052     0     1     1  2970     0     0     0]
 [    4     0     0     0     0  1022     0     0]
 [  241     0     0     4     1     0   181     0]
 [    9     0     0     0     1    18     0   761]]
              precision    recall  f1-score   support

         0.0    0.87553   0.99718   0.93240     42950
         1.0    0.80488   0.02140   0.04169      1542
         2.0    0.77928   0.06606   0.12179      2619
         3.0    0.89158   0.45126   0.59923      1549
         4.0    0.99698   0.73807   0.84821      4024
         5.0    0.98269   0.99610   0.98935      1026
         6.0    1.00000   0.42389   0.59539       427
         7.0    1.00000   0.96451   0.98194       789

    accuracy                        0.88606     54926
   macro avg    0.91637   0.58231   0.63875     54926
weighted avg    0.88306   0.88606   0.85234     54926

Time takes = 1023.6846885681152

---------------------------------------------------------
---------------------------------------------------------

Using classifier: SVM Linear


[[42776     0     0   174     0     0     0     0]
 [ 1541     0     1     0     0     0     0     0]
 [ 2584     0    35     0     0     0     0     0]
 [  838     0     0   711     0     0     0     0]
 [ 2569     0     0    17  1438     0     0     0]
 [    0     0     0     0     0  1026     0     0]
 [  293     0     0     4     0     0   130     0]
 [    7     0     0     0     0    20     0   762]]
              precision    recall  f1-score   support

         0.0    0.84524   0.99595   0.91443     42950
         1.0    0.00000   0.00000   0.00000      1542
         2.0    0.97222   0.01336   0.02637      2619
         3.0    0.78477   0.45901   0.57923      1549
         4.0    1.00000   0.35736   0.52655      4024
         5.0    0.98088   1.00000   0.99035      1026
         6.0    1.00000   0.30445   0.46679       427
         7.0    1.00000   0.96578   0.98259       789

    accuracy                        0.85348     54926
   macro avg    0.82289   0.51199   0.56079     54926
weighted avg    0.84316   0.85348   0.80746     54926

Time takes = 2222.6786365509033

---------------------------------------------------------
---------------------------------------------------------
