10  5  0.817
10  10  0.858
10  15  0.893
10  20  0.91
10  25  0.934
10  30  0.956
10  35  0.959
10  40  0.959
10  45  0.961
10  50  0.96
15  5  0.81
15  10  0.864
15  15  0.891
15  20  0.909
15  25  0.931
15  30  0.953
15  35  0.961
15  40  0.961
15  45  0.963
15  50  0.963
20  5  0.807
20  10  0.859
20  15  0.892
20  20  0.908
20  25  0.934
20  30  0.957
20  35  0.962
20  40  0.962
20  45  0.963
20  50  0.963
25  5  0.82
25  10  0.862
25  15  0.893
25  20  0.908
25  25  0.929
25  30  0.953
25  35  0.962
25  40  0.962
25  45  0.963
25  50  0.963
30  5  0.809
30  10  0.864
30  15  0.89
30  20  0.907
30  25  0.932
30  30  0.955
30  35  0.962
30  40  0.963
30  45  0.963
30  50  0.963
35  5  0.81
35  10  0.86
35  15  0.894
35  20  0.908
35  25  0.932
35  30  0.956
35  35  0.963
35  40  0.963
35  45  0.963
35  50  0.963
40  5  0.815
40  10  0.864
40  15  0.888
40  20  0.909
40  25  0.933
40  30  0.956
40  35  0.963
40  40  0.963
40  45  0.963
40  50  0.963
45  5  0.815
45  10  0.862
45  15  0.893
45  20  0.91
45  25  0.934
45  30  0.956
45  35  0.962
45  40  0.963
45  45  0.963
45  50  0.963
50  5  0.806
50  10  0.872
50  15  0.895
50  20  0.909
50  25  0.933
50  30  0.956
50  35  0.962
50  40  0.963
50  45  0.963
50  50  0.963
